0,0|1,2|0,4|2,3|4,4|3,2|4,0|2,1|0,2|1,0|3,1|4,3|2,4|0,3|1,1|3,0|4,2|3,4|1,3|0,1|2,0|4,1|2,2|1,4|3,3|
No Possible Tour
0,2|1,4|3,3|4,1|2,0|0,1|1,3|3,4|4,2|3,0|2,2|1,0|3,1|4,3|2,4|0,3|1,1|3,2|4,0|2,1|0,0|1,2|0,4|2,3|4,4|
No Possible Tour
0,4|2,3|4,4|3,2|4,0|2,1|0,0|1,2|3,1|1,0|0,2|1,4|3,3|4,1|2,0|0,1|1,3|3,4|4,2|3,0|1,1|0,3|2,4|4,3|2,2|
No Possible Tour
1,1|3,0|4,2|3,4|1,3|0,1|2,0|4,1|3,3|1,4|2,2|0,3|2,4|4,3|3,1|1,0|0,2|2,1|0,0|1,2|0,4|2,3|4,4|3,2|4,0|
No Possible Tour
1,3|0,1|2,0|4,1|3,3|1,4|0,2|1,0|3,1|4,3|2,2|3,4|4,2|3,0|1,1|0,3|2,4|1,2|0,0|2,1|4,0|3,2|4,4|2,3|0,4|
No Possible Tour
2,0|0,1|1,3|3,4|4,2|3,0|1,1|0,3|2,4|4,3|3,1|1,0|2,2|4,1|3,3|1,4|0,2|2,1|4,0|3,2|4,4|2,3|0,4|1,2|0,0|
No Possible Tour
2,2|1,0|3,1|4,3|2,4|0,3|1,1|3,0|4,2|3,4|1,3|0,1|2,0|4,1|3,3|1,4|0,2|2,1|0,0|1,2|0,4|2,3|4,4|3,2|4,0|
No Possible Tour
2,4|4,3|3,1|1,0|0,2|1,4|3,3|4,1|2,0|0,1|2,2|0,3|1,1|3,0|4,2|3,4|1,3|2,1|0,0|1,2|0,4|2,3|4,4|3,2|4,0|
No Possible Tour
3,1|4,3|2,4|0,3|1,1|3,0|4,2|3,4|1,3|0,1|2,2|1,0|0,2|1,4|3,3|4,1|2,0|1,2|0,4|2,3|4,4|3,2|4,0|2,1|0,0|
No Possible Tour
3,3|1,4|0,2|1,0|3,1|4,3|2,4|0,3|1,1|3,0|4,2|3,4|2,2|4,1|2,0|0,1|1,3|2,1|4,0|3,2|4,4|2,3|0,4|1,2|0,0|
No Possible Tour
4,0|2,1|0,0|1,2|0,4|2,3|4,4|3,2|1,3|3,4|4,2|3,0|1,1|0,3|2,4|4,3|3,1|1,0|0,2|1,4|3,3|4,1|2,0|0,1|2,2|
No Possible Tour
4,2|3,0|1,1|0,3|2,4|4,3|3,1|1,0|0,2|1,4|2,2|3,4|1,3|0,1|2,0|4,1|3,3|1,2|0,4|2,3|4,4|3,2|4,0|2,1|0,0|
No Possible Tour
4,4|3,2|4,0|2,1|0,0|1,2|0,4|2,3|1,1|3,0|4,2|3,4|1,3|0,1|2,0|4,1|3,3|1,4|0,2|1,0|3,1|4,3|2,2|0,3|2,4|
