0,0|2,1|0,2|1,0|3,1|5,0|6,2|4,1|6,0|5,2|4,0|6,1|5,3|6,5|4,6|5,4|6,6|4,5|6,4|5,6|3,5|1,6|0,4|1,2|3,3|2,5|0,6|1,4|2,6|0,5|1,3|0,1|2,0|3,2|1,1|0,3|2,4|4,3|5,1|3,0|2,2|3,4|4,2|6,3|5,5|3,6|4,4|2,3|1,5|
No Possible Tour
0,2|1,0|3,1|5,0|6,2|4,1|6,0|5,2|6,4|5,6|3,5|1,6|0,4|1,2|0,0|2,1|4,0|6,1|5,3|6,5|4,6|5,4|6,6|4,5|3,3|1,4|0,6|2,5|1,3|0,5|2,6|3,4|4,2|2,3|1,5|3,6|5,5|6,3|4,4|3,2|2,0|0,1|2,2|3,0|5,1|4,3|2,4|0,3|1,1|
No Possible Tour
0,4|1,6|3,5|5,6|6,4|4,5|6,6|5,4|6,2|5,0|3,1|1,0|0,2|2,3|1,5|3,6|5,5|4,3|5,1|6,3|4,2|3,0|1,1|0,3|2,4|0,5|2,6|1,4|0,6|2,5|4,6|6,5|4,4|5,2|6,0|4,1|2,2|3,4|5,3|6,1|4,0|3,2|2,0|0,1|1,3|2,1|0,0|1,2|3,3|
No Possible Tour
0,6|2,5|4,6|6,5|5,3|6,1|4,0|5,2|6,0|4,1|2,0|0,1|1,3|0,5|2,6|4,5|6,6|5,4|6,2|5,0|3,1|1,0|0,2|1,4|3,3|2,1|0,0|1,2|0,4|1,6|3,5|5,6|6,4|4,3|5,1|6,3|5,5|3,4|2,2|3,0|4,2|2,3|1,5|3,6|4,4|3,2|2,4|0,3|1,1|
No Possible Tour
1,1|3,0|5,1|6,3|5,5|3,6|1,5|0,3|2,4|1,6|0,4|1,2|0,0|2,1|4,0|6,1|4,2|5,0|6,2|4,3|3,1|1,0|0,2|2,3|3,5|5,6|6,4|5,2|6,0|4,1|2,0|0,1|2,2|1,4|0,6|2,5|4,4|3,2|1,3|0,5|2,6|3,4|4,6|6,5|5,3|4,5|6,6|5,4|3,3|
No Possible Tour
1,3|0,5|2,6|1,4|0,6|2,5|4,6|6,5|5,3|6,1|4,0|2,1|0,0|1,2|0,4|1,6|3,5|5,6|6,4|4,5|6,6|5,4|3,3|5,2|6,0|4,1|2,0|0,1|2,2|1,0|0,2|2,3|3,1|5,0|6,2|4,3|5,5|3,4|4,2|6,3|5,1|3,0|1,1|3,2|4,4|3,6|2,4|0,3|1,5|
No Possible Tour
1,5|3,6|5,5|6,3|5,1|3,0|1,1|0,3|2,4|0,5|2,6|4,5|6,6|5,4|4,6|6,5|5,3|6,1|4,0|3,2|2,0|0,1|1,3|3,4|4,2|5,0|6,2|4,1|6,0|5,2|6,4|5,6|4,4|2,5|0,6|1,4|3,3|2,1|0,0|1,2|0,4|1,6|3,5|4,3|2,2|1,0|0,2|2,3|3,1|
No Possible Tour
2,0|0,1|1,3|0,5|2,6|1,4|0,6|2,5|4,6|6,5|5,3|6,1|4,0|3,2|1,1|3,0|5,1|6,3|5,5|3,6|4,4|5,6|6,4|5,2|6,0|4,1|6,2|5,0|4,2|3,4|1,5|0,3|2,2|1,0|0,2|2,1|0,0|1,2|3,3|5,4|6,6|4,5|2,4|4,3|3,1|2,3|0,4|1,6|3,5|
No Possible Tour
2,2|1,0|0,2|1,4|0,6|2,5|4,6|6,5|5,3|6,1|4,0|2,1|0,0|1,2|0,4|1,6|3,5|5,6|6,4|4,5|6,6|5,4|3,3|5,2|6,0|4,1|6,2|5,0|3,1|4,3|5,1|3,0|1,1|0,3|2,4|0,5|2,6|3,4|1,5|2,3|4,2|6,3|5,5|3,6|4,4|3,2|1,3|0,1|2,0|
No Possible Tour
2,4|0,5|2,6|4,5|6,6|5,4|6,2|5,0|3,1|1,0|0,2|1,4|0,6|2,5|4,6|6,5|5,3|6,1|4,0|5,2|6,0|4,1|3,3|1,2|0,0|2,1|1,3|0,1|2,0|3,2|5,1|3,0|1,1|0,3|2,2|3,4|4,2|6,3|5,5|4,3|6,4|5,6|4,4|3,6|1,5|2,3|3,5|1,6|0,4|
No Possible Tour
2,6|0,5|1,3|0,1|2,0|1,2|0,0|2,1|4,0|6,1|5,3|6,5|4,6|2,5|0,6|1,4|0,2|1,0|3,1|5,0|6,2|4,1|6,0|5,2|3,3|5,4|6,6|4,5|6,4|5,6|3,5|1,6|0,4|2,3|4,2|6,3|4,4|3,2|1,1|3,0|5,1|4,3|2,4|3,6|5,5|3,4|1,5|0,3|2,2|
No Possible Tour
3,1|1,0|0,2|1,4|0,6|2,5|4,6|6,5|5,3|6,1|4,0|2,1|0,0|1,2|0,4|1,6|3,5|5,6|6,4|5,2|6,0|4,1|3,3|4,5|6,6|5,4|6,2|5,0|4,2|2,3|1,1|3,0|5,1|6,3|4,4|3,6|1,5|0,3|2,4|0,5|2,6|3,4|5,5|4,3|2,2|0,1|1,3|3,2|2,0|
No Possible Tour
3,3|4,5|6,6|5,4|4,6|6,5|5,3|6,1|4,0|2,1|0,0|1,2|0,4|1,6|3,5|5,6|6,4|5,2|6,0|4,1|2,0|0,1|1,3|0,5|2,6|1,4|0,6|2,5|4,4|6,3|5,1|3,2|2,4|3,6|5,5|4,3|6,2|5,0|3,1|1,0|0,2|2,3|1,1|0,3|1,5|3,4|4,2|3,0|2,2|
No Possible Tour
3,5|5,6|6,4|4,5|6,6|5,4|6,2|5,0|3,1|1,0|0,2|1,4|0,6|2,5|4,6|6,5|5,3|6,1|4,0|5,2|6,0|4,1|3,3|2,1|0,0|1,2|2,0|0,1|1,3|0,5|2,6|3,4|4,2|3,0|2,2|0,3|1,5|3,6|5,5|4,3|5,1|6,3|4,4|3,2|2,4|1,6|0,4|2,3|1,1|
No Possible Tour
4,0|6,1|5,3|6,5|4,6|5,4|6,6|4,5|2,6|0,5|1,3|0,1|2,0|3,2|1,1|0,3|1,5|3,4|5,5|3,6|2,4|1,6|0,4|1,2|0,0|2,1|0,2|1,0|3,1|5,0|6,2|4,1|6,0|5,2|6,4|5,6|3,5|2,3|4,4|6,3|4,2|3,0|5,1|4,3|2,2|1,4|3,3|2,5|0,6|
No Possible Tour
4,2|5,0|6,2|5,4|6,6|4,5|6,4|5,6|3,5|1,6|0,4|2,5|0,6|1,4|2,6|0,5|1,3|0,1|2,0|1,2|0,0|2,1|0,2|1,0|3,1|2,3|1,5|0,3|1,1|3,0|2,2|4,3|2,4|3,6|5,5|6,3|5,1|3,2|4,4|6,5|4,6|3,4|5,3|6,1|4,0|5,2|6,0|4,1|3,3|
No Possible Tour
4,4|5,6|6,4|5,2|6,0|4,1|6,2|5,0|3,1|1,0|0,2|2,3|0,4|1,6|3,5|5,4|6,6|4,5|2,6|0,5|2,4|3,6|1,5|0,3|1,1|3,0|5,1|4,3|5,5|6,3|4,2|6,1|4,0|3,2|2,0|1,2|0,0|2,1|3,3|1,4|0,6|2,5|4,6|6,5|5,3|3,4|1,3|0,1|2,2|
No Possible Tour
4,6|6,5|5,3|6,1|4,0|2,1|0,0|1,2|2,0|0,1|1,3|0,5|2,6|3,4|1,5|3,6|5,5|6,3|5,1|3,2|1,1|0,3|2,4|1,6|0,4|2,5|0,6|1,4|0,2|1,0|2,2|3,0|4,2|5,0|3,1|2,3|4,4|5,6|3,5|4,3|6,4|5,2|6,0|4,1|6,2|5,4|3,3|4,5|6,6|
No Possible Tour
5,1|6,3|5,5|3,6|1,5|0,3|1,1|3,0|4,2|6,1|4,0|2,1|0,0|1,2|0,4|1,6|2,4|0,5|2,6|3,4|4,6|6,5|5,3|3,2|2,0|0,1|1,3|2,5|0,6|1,4|0,2|1,0|2,2|4,1|6,0|5,2|3,3|4,5|6,6|5,4|6,2|5,0|3,1|4,3|6,4|5,6|3,5|2,3|4,4|
No Possible Tour
5,3|6,5|4,6|2,5|0,6|1,4|2,6|0,5|1,3|0,1|2,0|4,1|6,0|5,2|6,4|5,6|3,5|1,6|0,4|1,2|0,0|2,1|3,3|4,5|6,6|5,4|6,2|5,0|3,1|1,0|0,2|2,3|1,1|0,3|1,5|3,6|4,4|3,2|2,4|4,3|5,5|6,3|5,1|3,0|2,2|3,4|4,2|6,1|4,0|
No Possible Tour
5,5|6,3|5,1|3,0|1,1|0,3|1,5|3,6|4,4|5,6|6,4|5,2|6,0|4,1|2,0|0,1|2,2|1,0|0,2|2,3|3,1|5,0|6,2|4,3|3,5|1,6|0,4|1,2|0,0|2,1|4,0|6,1|4,2|5,4|6,6|4,5|3,3|1,4|0,6|2,5|4,6|6,5|5,3|3,2|2,4|0,5|1,3|3,4|2,6|
No Possible Tour
6,0|4,1|6,2|5,0|3,1|1,0|0,2|1,4|0,6|2,5|4,6|6,5|5,3|6,1|4,0|5,2|6,4|5,6|3,5|1,6|0,4|2,3|4,4|3,6|1,5|0,3|1,1|3,0|2,2|0,1|2,0|1,2|0,0|2,1|3,3|5,4|6,6|4,5|2,6|0,5|2,4|4,3|5,5|3,4|4,2|6,3|5,1|3,2|1,3|
No Possible Tour
6,2|5,0|3,1|1,0|0,2|1,4|0,6|2,5|4,6|6,5|5,3|6,1|4,0|2,1|0,0|1,2|0,4|1,6|3,5|5,6|6,4|5,2|6,0|4,1|3,3|5,4|6,6|4,5|2,6|0,5|1,3|0,1|2,0|3,2|2,4|0,3|1,1|3,0|2,2|4,3|5,1|6,3|4,4|3,6|5,5|3,4|4,2|2,3|1,5|
No Possible Tour
6,4|5,6|3,5|1,6|0,4|2,5|0,6|1,4|0,2|1,0|3,1|5,0|6,2|4,3|5,1|3,0|1,1|0,3|1,5|2,3|4,4|6,5|4,6|5,4|6,6|4,5|2,6|0,5|2,4|3,6|5,5|6,3|4,2|6,1|4,0|5,2|6,0|4,1|2,2|3,4|5,3|3,2|1,3|0,1|2,0|1,2|3,3|2,1|0,0|
No Possible Tour
6,6|4,5|2,6|0,5|1,3|0,1|2,0|4,1|6,0|5,2|6,4|5,6|3,5|1,6|0,4|2,5|0,6|1,4|3,3|1,2|0,0|2,1|0,2|1,0|3,1|5,0|6,2|5,4|4,6|6,5|5,3|6,1|4,0|3,2|1,1|0,3|2,4|4,3|5,1|3,0|2,2|3,4|4,2|6,3|5,5|3,6|4,4|2,3|1,5|
